158,158,158,158,158,158,158,158,158,158,158,158,158,158,158,158,158,158,158,158,158,158,158,158,158,158,158,158,158,158,158,158,158,158,158,158,158,158,158,158,158,158,158,158,158,158,158,158,158,158,158,158,158,158,158,158,158,158,158,158,158,158,158,158,158,158,158,158,158,158,158,158,158,158,158,158,158,158,158,158,158,158,158,158,158,158,158,158,158,158
209,209,209,209,209,209,209,209,209,209,209,209,209,209,209,209,209,209,209,209,209,209,209,209,209,209,209,209,209,209,209,209,209,209,209,209,209,209,209,209,209,209,209,209,209,209,209,209,209,209,209,209,209,209,209,209,209,209,209,209,209,209,209,209,209,209,209,209,209,209,209,209,209,209,209,209,209,209,209,209,209,209,209,209,209,209,209,209,209,209
260,260,260,260,260,260,260,260,260,260,260,260,260,352,260,260,260,260,260,260,260,260,260,352,352,260,260,260,260,260,260,260,260,260,260,352,260,260,260,260,260,260,260,260,260,260,260,260,260,260,260,260,260,260,260,260,260,260,260,260,260,260,260,260,260,260,260,260,260,260,260,260,260,260,260,260,260,260,260,260,260,260,352,260,260,260,260,260,260,260
158,158,158,158,158,352,158,158,158,158,158,158,158,158,158,158,158,158,158,158,158,158,158,158,158,158,158,158,158,158,158,158,158,158,158,158,352,158,158,158,158,158,158,158,158,158,158,158,158,158,158,158,158,158,158,158,158,158,158,158,158,158,158,158,158,158,158,158,158,158,158,158,158,158,158,158,158,158,158,158,158,158,158,158,158,158,158,158,158,158
209,209,209,209,209,209,209,209,209,209,209,209,209,209,209,209,209,209,209,209,209,209,209,209,209,209,209,209,209,209,209,209,209,209,209,209,209,209,209,209,209,209,209,209,209,209,209,209,209,209,209,209,209,352,352,209,209,209,209,209,209,209,209,209,209,209,209,209,209,352,209,209,209,209,209,209,209,209,209,209,209,209,209,209,209,209,209,209,209,209
260,260,260,260,260,260,260,260,260,260,260,260,260,260,260,260,260,260,260,260,260,260,260,260,260,260,260,260,260,260,260,260,260,260,260,260,260,260,260,260,260,260,260,260,260,260,260,260,260,260,260,260,260,260,260,260,260,260,260,260,260,260,260,260,260,260,260,260,260,260,260,260,260,260,260,260,260,260,260,260,260,260,260,260,260,260,260,260,260,260
158,158,158,158,158,158,158,158,158,158,158,158,158,158,158,158,352,158,158,158,158,158,158,158,158,158,158,158,158,158,158,158,158,158,158,158,158,158,158,158,158,158,352,158,158,158,158,158,158,158,158,158,158,158,158,158,158,158,158,158,158,158,158,158,158,158,158,158,158,158,158,158,158,158,158,158,158,158,158,158,158,158,158,158,158,158,158,158,158,158
209,209,209,209,209,209,209,209,209,209,209,209,209,209,209,209,209,209,209,209,209,209,209,209,209,209,209,209,209,209,209,209,209,209,209,209,209,209,209,209,209,209,209,209,209,209,209,209,209,209,209,209,209,209,209,209,209,209,209,209,209,209,209,209,209,209,209,209,209,209,209,209,209,209,209,209,209,209,209,209,209,209,209,209,209,209,209,209,209,209
260,260,260,260,260,260,260,260,260,260,260,260,260,260,260,260,260,260,260,260,260,260,260,260,260,260,260,260,260,260,260,260,260,260,260,260,260,260,260,260,260,260,260,260,260,260,260,260,260,260,260,260,260,260,260,260,260,260,260,260,260,260,260,260,260,260,260,260,260,260,260,260,260,260,260,260,260,260,260,260,260,260,260,260,260,260,260,260,260,260
158,158,158,158,158,158,158,158,158,158,158,400,400,400,400,400,400,400,400,400,400,400,400,400,400,400,400,400,400,400,400,400,158,158,158,158,158,158,158,158,158,158,158,158,158,158,158,158,158,158,158,158,158,158,158,158,158,158,158,158,158,158,158,158,158,158,158,158,158,158,158,158,158,158,158,158,158,158,158,158,158,158,158,352,158,158,158,158,158,158
209,209,209,209,209,209,209,209,209,209,209,400,400,400,400,400,400,400,400,400,400,400,400,400,400,400,400,400,400,400,400,400,209,209,209,209,209,209,209,209,209,209,209,209,209,209,209,209,209,209,209,209,209,209,209,209,209,209,209,209,209,209,209,209,209,209,209,209,209,209,209,209,209,209,209,209,209,209,209,209,209,209,209,209,209,209,209,209,209,209
260,260,260,260,260,260,260,260,260,260,260,400,400,400,400,400,400,400,400,400,400,400,400,400,400,400,400,400,400,400,400,400,260,260,260,260,260,260,260,260,260,260,260,260,260,260,260,260,260,260,260,260,260,260,260,260,260,260,260,260,260,260,260,260,260,260,260,260,260,260,260,260,260,260,260,260,260,260,260,260,260,260,260,260,260,260,260,260,260,260
158,158,352,158,158,158,158,158,158,158,158,400,400,400,158,158,158,158,158,158,158,158,158,158,158,158,158,158,158,400,400,400,158,158,158,158,158,158,158,158,158,158,158,158,158,158,158,158,158,158,158,158,158,158,158,158,158,158,158,158,158,158,158,158,158,158,158,158,158,158,158,158,158,158,158,158,158,158,158,158,158,158,158,158,158,158,158,158,158,158
209,209,209,209,209,209,209,209,209,209,209,400,400,400,209,209,209,209,209,209,209,209,209,209,209,209,209,209,209,400,400,400,209,209,209,209,209,209,209,209,209,209,209,209,209,209,209,209,209,209,209,209,209,209,209,209,209,209,209,209,209,209,209,209,209,209,209,209,209,209,209,209,209,209,209,209,209,209,209,209,209,209,209,209,209,209,209,209,209,209
260,260,260,260,260,260,260,260,260,260,260,400,400,400,260,260,260,260,260,260,260,260,260,260,260,260,260,260,260,400,400,400,260,260,260,260,260,260,260,260,260,260,260,260,260,260,260,260,260,260,260,260,260,260,260,260,352,260,260,260,260,260,260,260,260,260,260,260,260,260,260,260,260,260,260,352,260,260,260,260,260,260,260,260,260,260,260,260,260,260
158,158,158,158,158,158,158,158,158,158,158,400,400,400,158,158,158,158,158,158,158,158,158,158,158,158,158,158,158,400,400,400,158,158,158,158,158,158,158,158,158,158,158,158,158,158,158,158,158,158,158,158,158,158,158,158,158,158,158,158,158,158,158,158,158,158,158,158,158,158,158,158,158,158,158,158,158,158,158,158,158,158,158,158,352,158,158,158,158,158
209,209,209,209,209,209,209,209,209,209,209,400,400,400,209,209,209,209,209,209,209,209,209,209,209,209,209,209,209,400,400,400,209,209,209,209,209,209,209,209,209,209,209,209,209,209,209,209,209,209,209,209,209,209,209,209,209,209,209,209,209,209,209,209,209,209,209,209,209,209,209,209,209,209,209,209,209,209,209,209,209,209,209,209,209,209,209,209,209,209
260,260,260,260,260,260,260,260,260,260,260,400,400,400,260,260,260,352,260,260,260,260,260,260,260,260,260,260,260,400,400,400,260,260,260,260,260,260,260,260,260,260,260,260,260,260,260,260,260,260,260,260,260,260,260,260,260,260,260,260,260,260,260,260,260,260,260,260,260,260,260,260,260,260,260,260,260,260,260,260,260,260,260,260,260,260,260,260,260,260
400,400,400,400,400,400,400,400,400,400,400,400,400,400,158,158,158,158,158,158,158,158,352,158,158,158,158,158,158,400,400,400,158,158,158,158,158,158,158,158,158,158,158,158,158,158,158,158,158,158,158,158,158,158,158,158,158,158,158,158,158,158,158,158,158,158,158,158,158,158,158,158,158,158,158,158,158,158,158,158,158,158,158,158,158,158,158,158,158,158
400,400,400,400,400,400,400,400,400,400,400,400,400,400,209,209,209,209,209,209,209,209,209,209,209,209,209,209,209,400,400,400,209,209,209,209,209,209,209,209,209,209,209,209,209,209,209,209,209,209,209,209,209,209,209,209,209,209,209,209,209,209,209,209,209,209,209,209,209,209,209,209,209,209,209,209,209,209,209,209,209,209,209,209,209,209,209,209,209,209
400,400,400,400,400,400,400,400,400,400,400,400,400,400,260,260,260,260,260,260,260,260,260,260,260,260,260,260,260,400,400,400,260,260,260,260,260,260,260,260,400,400,400,400,400,400,400,400,400,400,400,400,400,400,400,400,260,260,260,260,260,260,260,260,260,260,260,400,400,400,400,400,400,400,400,400,400,400,400,400,400,400,400,400,260,260,260,260,260,260
158,158,158,158,158,158,158,158,158,158,158,158,158,158,158,158,158,158,158,158,158,158,158,158,158,158,158,158,158,400,400,400,158,158,158,158,158,158,158,158,400,400,400,400,400,400,400,400,400,400,400,400,400,400,400,400,158,158,158,158,158,158,158,158,158,158,158,400,400,400,400,400,400,400,400,400,400,400,400,400,400,400,400,400,158,158,158,158,158,158
209,209,209,209,209,209,209,209,209,209,209,209,209,209,209,209,209,209,209,209,209,209,209,209,209,209,209,209,209,400,400,400,209,209,209,209,209,209,209,209,400,400,400,400,400,400,400,400,400,400,400,400,400,400,400,400,209,209,209,209,209,209,209,209,209,209,209,400,400,400,400,400,400,400,400,400,400,400,400,400,400,400,400,400,209,209,209,209,209,209
260,260,260,260,260,260,260,260,260,260,260,260,260,260,260,260,260,260,260,260,260,260,352,260,260,260,260,260,260,400,400,400,260,260,260,260,260,260,260,260,400,400,400,260,260,260,260,260,260,260,260,260,260,400,400,400,260,260,260,260,260,260,260,260,260,260,260,400,400,400,260,260,260,260,260,260,260,260,260,260,260,400,400,400,260,260,260,260,260,260
158,158,158,158,158,158,158,158,158,158,158,158,158,158,158,158,158,158,158,158,158,158,158,158,158,158,158,158,158,400,400,400,158,158,158,158,158,158,158,158,400,400,400,158,158,158,158,158,158,158,158,158,158,400,400,400,158,158,158,158,158,158,158,158,158,158,158,400,400,400,158,158,158,158,158,158,158,158,158,158,158,400,400,400,158,158,158,158,158,158
209,209,209,209,209,209,209,209,209,209,209,209,209,209,209,209,209,209,209,209,209,209,209,209,209,209,209,209,209,400,400,400,209,209,209,209,209,209,209,209,400,400,400,209,209,209,209,209,209,209,209,209,209,400,400,400,209,209,209,209,209,209,209,209,209,209,209,400,400,400,209,209,209,209,209,209,209,209,209,209,209,400,400,400,209,209,209,209,209,209
260,260,352,260,260,260,260,260,260,260,260,260,260,260,260,260,260,260,260,352,260,260,260,260,260,260,260,260,260,400,400,400,260,260,260,260,260,260,260,260,400,400,400,260,260,260,260,260,260,260,260,260,260,400,400,400,260,260,260,260,260,260,260,260,260,260,260,400,400,400,260,260,260,260,260,260,260,260,260,260,260,400,400,400,260,260,260,260,260,260
158,158,352,158,158,158,158,158,158,158,158,158,158,158,158,158,158,158,158,158,158,158,158,158,158,158,158,158,158,400,400,400,400,400,400,400,400,400,400,400,400,400,400,158,158,158,158,158,158,158,158,158,158,400,400,400,158,158,158,158,158,158,158,158,158,158,158,400,400,400,158,158,158,158,158,158,158,158,158,158,158,400,400,400,158,158,158,158,158,158
209,209,209,209,209,209,209,209,209,209,352,209,209,209,209,209,209,209,209,209,209,209,209,209,209,209,209,209,209,400,400,400,400,400,400,400,400,400,400,400,400,400,400,209,209,209,209,209,209,209,209,209,209,400,400,400,209,209,209,209,209,209,209,209,209,209,209,400,400,400,209,209,209,209,209,209,209,209,209,209,209,400,400,400,209,209,209,209,209,209
260,260,260,260,260,260,260,260,260,260,260,260,260,260,260,260,260,260,260,260,260,260,260,260,260,260,260,260,260,400,400,400,400,400,400,400,400,400,400,400,400,400,400,260,260,260,260,260,260,260,260,260,260,400,400,400,260,260,260,260,260,260,260,260,260,260,260,400,400,400,260,260,260,260,260,260,260,260,260,260,260,400,400,400,260,260,260,260,260,260
158,158,158,158,158,158,158,158,158,158,158,158,158,158,158,158,158,158,158,158,158,158,158,158,158,158,158,158,158,158,158,158,158,158,158,158,158,158,158,158,158,158,158,158,158,158,158,158,158,158,158,158,158,400,400,400,158,158,158,158,158,158,158,158,158,158,158,400,400,400,158,158,158,158,158,158,158,158,158,158,158,400,400,400,158,158,158,158,158,158
209,209,209,209,209,209,209,209,209,209,209,209,209,209,209,209,209,209,209,209,209,209,209,209,209,209,209,209,209,209,209,209,209,209,209,209,209,209,209,209,209,209,209,209,209,209,209,209,209,352,209,209,209,400,400,400,209,209,209,209,209,209,209,209,209,209,209,400,400,400,209,209,209,209,209,209,209,209,209,209,209,400,400,400,209,209,209,209,209,209
260,260,260,260,260,260,260,260,260,260,260,260,260,260,260,260,260,260,260,260,260,260,260,260,260,260,260,260,260,260,260,260,260,260,260,260,260,260,260,260,260,260,260,260,260,260,260,260,260,260,260,260,260,400,400,400,260,260,260,260,260,260,260,260,260,260,260,400,400,400,260,260,260,260,260,260,260,260,260,260,260,400,400,400,260,260,260,260,260,260
158,158,158,158,158,158,158,158,158,158,158,158,158,158,158,158,158,158,158,158,158,158,158,158,158,158,158,158,158,158,158,158,158,158,158,158,158,158,158,158,158,158,158,158,158,158,158,158,158,158,158,158,158,400,400,400,158,158,158,158,158,158,158,158,158,158,158,400,400,400,158,158,158,158,158,158,158,158,158,158,158,400,400,400,400,400,400,400,400,400
209,209,209,209,209,209,209,209,209,209,209,209,209,209,209,209,209,209,209,209,209,209,209,209,209,209,209,209,209,209,209,209,209,209,209,209,209,209,209,209,209,209,209,209,209,209,209,209,209,209,209,209,209,400,400,400,209,209,209,209,209,209,209,209,209,209,209,400,400,400,209,209,209,209,209,209,209,209,209,209,209,400,400,400,400,400,400,400,400,400
260,260,260,260,260,352,260,260,260,260,260,260,260,260,260,260,260,260,260,260,260,260,260,260,260,260,260,260,260,260,260,260,260,260,260,260,352,260,260,260,260,260,260,260,260,260,260,260,260,260,260,260,260,400,400,400,260,260,260,260,260,260,260,260,260,260,260,400,400,400,260,260,260,260,260,260,260,260,260,260,260,400,400,400,400,400,400,400,400,400
158,158,158,158,158,158,158,158,158,158,158,158,158,158,158,158,158,352,158,158,158,158,158,158,158,352,158,158,158,158,158,158,158,158,158,158,158,158,158,158,158,352,352,158,158,158,158,158,158,158,158,158,158,400,400,400,158,158,158,158,158,158,158,158,158,158,158,400,400,400,158,158,158,158,158,158,158,158,158,158,158,158,158,158,158,158,158,158,158,158
209,209,209,209,352,209,209,209,209,209,209,209,209,209,209,209,209,209,209,209,209,209,209,209,209,209,209,209,209,209,209,209,209,209,209,209,209,209,209,209,209,209,209,209,209,209,209,209,209,209,209,209,209,400,400,400,209,209,209,209,209,209,209,209,209,209,209,400,400,400,209,209,209,209,209,352,209,209,209,209,209,209,209,209,209,209,209,209,209,209
260,260,260,260,260,260,260,260,260,260,260,260,260,260,260,260,260,260,260,260,260,260,260,260,260,260,260,260,260,260,260,260,260,260,260,260,260,260,260,260,260,260,260,260,260,260,260,260,260,260,260,260,260,400,400,400,400,400,400,400,400,400,400,400,400,400,400,400,400,400,260,260,260,260,260,260,260,260,260,260,260,260,260,260,260,260,260,260,260,260
158,158,158,158,158,158,158,158,158,158,158,158,158,158,158,158,158,158,158,158,158,158,158,158,158,158,158,158,158,158,158,158,158,158,158,158,158,158,158,158,158,158,158,158,158,158,158,158,158,158,158,158,158,400,400,400,400,400,400,400,400,400,400,400,400,400,400,400,400,400,158,158,158,158,158,158,158,158,158,158,158,158,158,158,158,158,158,158,158,158
209,209,209,209,209,209,209,209,209,209,209,209,209,209,209,209,209,209,209,209,209,209,209,209,209,209,209,209,209,209,209,209,209,209,209,209,209,209,209,209,209,209,209,209,209,209,209,209,209,209,209,209,209,400,400,400,400,400,400,400,400,400,400,400,400,400,400,400,400,400,209,209,209,209,209,209,209,209,209,209,209,209,209,209,209,209,209,209,209,209
260,260,260,260,260,260,260,260,260,260,260,260,260,260,260,260,260,260,260,260,260,352,260,260,260,260,260,260,260,260,260,260,260,260,260,260,260,260,260,260,260,260,260,260,260,260,260,260,260,260,260,260,260,260,260,260,260,260,260,260,260,260,260,260,260,260,260,260,260,260,260,260,260,260,260,260,352,260,260,260,260,260,260,260,260,260,260,260,260,260
158,158,158,158,158,158,158,158,158,158,158,158,158,158,158,158,158,158,158,158,158,158,158,158,158,158,158,158,158,158,158,158,158,158,158,158,158,158,158,158,158,158,158,158,158,158,158,158,158,158,158,158,158,158,158,158,158,158,158,158,158,158,158,158,158,158,158,158,158,158,158,158,158,158,158,158,158,158,158,158,158,158,158,158,158,158,158,158,158,158
209,209,209,209,209,209,209,209,209,209,209,209,209,209,209,209,352,352,209,209,209,209,209,209,209,209,209,209,209,352,209,209,209,209,209,209,209,209,209,209,209,209,209,209,209,209,209,209,209,209,209,209,209,209,209,209,209,209,209,209,209,209,209,209,209,209,209,209,209,209,209,209,209,209,209,209,209,209,209,209,209,209,209,209,209,352,352,209,209,209
260,260,260,260,260,260,260,260,260,260,260,260,260,260,260,260,260,260,260,260,260,260,260,260,260,260,260,260,260,260,260,260,260,260,260,260,260,260,260,260,260,260,260,260,352,260,260,260,260,260,260,260,260,260,260,260,260,260,260,260,260,260,260,260,260,260,260,260,260,260,260,260,260,260,260,260,260,260,260,260,260,260,260,260,260,260,260,260,260,260
158,158,158,158,158,158,158,158,158,158,158,158,158,158,158,158,158,158,158,158,158,158,158,158,158,158,158,158,158,158,158,158,352,158,158,158,158,158,158,158,158,158,158,158,158,158,158,158,158,158,158,158,158,158,158,158,158,158,158,158,158,158,352,158,158,158,158,158,158,158,158,158,158,158,158,158,158,158,158,158,158,158,158,158,158,158,158,158,158,158
209,209,209,209,209,209,352,209,209,209,209,209,209,209,209,209,209,209,209,209,209,209,209,209,209,209,209,209,209,209,209,209,352,209,209,209,209,209,209,209,209,209,209,209,209,209,209,209,209,209,209,209,209,209,209,352,209,209,209,209,209,209,209,209,209,209,209,209,209,209,209,209,209,209,209,209,209,352,209,209,209,209,209,352,209,209,209,209,209,209
260,260,260,260,260,260,260,260,260,260,260,260,260,260,260,260,260,260,260,260,260,260,260,260,260,260,260,260,260,260,260,260,260,260,260,260,260,260,260,260,260,260,260,260,260,260,260,260,260,260,260,260,260,260,260,260,260,260,260,260,260,260,260,260,260,260,260,260,352,260,260,260,260,260,260,260,260,260,260,260,260,260,260,260,260,260,260,260,260,260
158,158,158,158,158,158,158,158,158,158,158,352,352,158,158,158,158,158,158,158,158,158,158,158,158,158,158,158,158,158,158,158,158,158,158,158,158,158,158,158,158,158,158,158,158,158,158,158,158,158,158,158,158,158,158,158,158,158,158,158,158,158,158,158,158,158,158,158,158,158,158,158,158,158,158,158,158,158,158,158,158,158,158,158,158,158,158,158,158,158
209,209,209,209,209,209,209,209,209,209,209,209,352,209,209,209,209,209,209,209,209,209,209,209,209,209,209,209,209,209,209,209,209,209,209,209,209,209,209,209,209,209,209,209,209,209,209,209,209,209,209,209,209,209,209,209,209,209,209,209,209,209,209,209,209,209,209,209,209,209,209,209,209,209,209,209,209,209,209,209,209,209,209,209,209,209,352,209,209,209
209,209,209,209,209,209,209,209,209,209,209,209,352,209,209,209,209,209,209,209,209,209,209,209,209,209,209,209,209,209,209,209,209,209,209,209,209,209,209,209,209,209,209,209,209,209,209,209,209,209,209,209,209,209,209,209,209,209,209,209,209,209,209,209,209,209,209,209,209,209,209,209,209,209,209,209,209,209,209,209,209,209,209,209,209,209,352,209,209,209
209,209,209,209,209,209,209,209,209,209,209,209,352,209,209,209,209,209,209,209,209,209,209,209,209,209,209,209,209,209,209,209,209,209,209,209,209,209,209,209,209,209,209,209,209,209,209,209,209,209,209,209,209,209,209,209,209,209,209,209,209,209,209,209,209,209,209,209,209,209,209,209,209,209,209,209,209,209,209,209,209,209,209,209,209,209,352,209,209,209
209,209,209,209,209,209,209,209,209,209,209,209,352,209,209,209,209,209,209,209,209,209,209,209,209,209,209,209,209,209,209,209,209,209,209,209,209,209,209,209,209,209,209,209,209,209,209,209,209,209,209,209,209,209,209,209,209,209,209,209,209,209,209,209,209,209,209,209,209,209,209,209,209,209,209,209,209,209,209,209,209,209,209,209,209,209,352,209,209,209
209,209,209,209,209,209,209,209,209,209,209,209,352,209,209,209,209,209,209,209,209,209,209,209,209,209,209,209,209,209,209,209,209,209,209,209,209,209,209,209,209,209,209,209,209,209,209,209,209,209,209,209,209,209,209,209,209,209,209,209,209,209,209,209,209,209,209,209,209,209,209,209,209,209,209,209,209,209,209,209,209,209,209,209,209,209,352,209,209,209
209,209,209,209,209,209,209,209,209,209,209,209,352,209,209,209,209,209,209,209,209,209,209,209,209,209,209,209,209,209,209,209,209,209,209,209,209,209,209,209,209,209,209,209,209,209,209,209,209,209,209,209,209,209,209,209,209,209,209,209,209,209,209,209,209,209,209,209,209,209,209,209,209,209,209,209,209,209,209,209,209,209,209,209,209,209,352,209,209,209
209,209,209,209,209,209,209,209,209,209,209,209,352,209,209,209,209,209,209,209,209,209,209,209,209,209,209,209,209,209,209,209,209,209,209,209,209,209,209,209,209,209,209,209,209,209,209,209,209,209,209,209,209,209,209,209,209,209,209,209,209,209,209,209,209,209,209,209,209,209,209,209,209,209,209,209,209,209,209,209,209,209,209,209,209,209,352,209,209,209
209,209,209,209,209,209,209,209,209,209,209,209,352,209,209,209,209,209,209,209,209,209,209,209,209,209,209,209,209,209,209,209,209,209,209,209,209,209,209,209,209,209,209,209,209,209,209,209,209,209,209,209,209,209,209,209,209,209,209,209,209,209,209,209,209,209,209,209,209,209,209,209,209,209,209,209,209,209,209,209,209,209,209,209,209,209,352,209,209,209
209,209,209,209,209,209,209,209,209,209,209,209,352,209,209,209,209,209,209,209,209,209,209,209,209,209,209,209,209,209,209,209,209,209,209,209,209,209,209,209,209,209,209,209,209,209,209,209,209,209,209,209,209,209,209,209,209,209,209,209,209,209,209,209,209,209,209,209,209,209,209,209,209,209,209,209,209,209,209,209,209,209,209,209,209,209,352,209,209,209
209,209,209,209,209,209,209,209,209,209,209,209,352,209,209,209,209,209,209,209,209,209,209,209,209,209,209,209,209,209,209,209,209,209,209,209,209,209,209,209,209,209,209,209,209,209,209,209,209,209,209,209,209,209,209,209,209,209,209,209,209,209,209,209,209,209,209,209,209,209,209,209,209,209,209,209,209,209,209,209,209,209,209,209,209,209,352,209,209,209
209,209,209,209,209,209,209,209,209,209,209,209,352,209,209,209,209,209,209,209,209,209,209,209,209,209,209,209,209,209,209,209,209,209,209,209,209,209,209,209,209,209,209,209,209,209,209,209,209,209,209,209,209,209,209,209,209,209,209,209,209,209,209,209,209,209,209,209,209,209,209,209,209,209,209,209,209,209,209,209,209,209,209,209,209,209,352,209,209,209
209,209,209,209,209,209,209,209,209,209,209,209,352,209,209,209,209,209,209,209,209,209,209,209,209,209,209,209,209,209,209,209,209,209,209,209,209,209,209,209,209,209,209,209,209,209,209,209,209,209,209,209,209,209,209,209,209,209,209,209,209,209,209,209,209,209,209,209,209,209,209,209,209,209,209,209,209,209,209,209,209,209,209,209,209,209,352,209,209,209
209,209,209,209,209,209,209,209,209,209,209,209,352,209,209,209,209,209,209,209,209,209,209,209,209,209,209,209,209,209,209,209,209,209,209,209,209,209,209,209,209,209,209,209,209,209,209,209,209,209,209,209,209,209,209,209,209,209,209,209,209,209,209,209,209,209,209,209,209,209,209,209,209,209,209,209,209,209,209,209,209,209,209,209,209,209,352,209,209,209
209,209,209,209,209,209,209,209,209,209,209,209,352,209,209,209,209,209,209,209,209,209,209,209,209,209,209,209,209,209,209,209,209,209,209,209,209,209,209,209,209,209,209,209,209,209,209,209,209,209,209,209,209,209,209,209,209,209,209,209,209,209,209,209,209,209,209,209,209,209,209,209,209,209,209,209,209,209,209,209,209,209,209,209,209,209,352,209,209,209
209,209,209,209,209,209,209,209,209,209,209,209,352,209,209,209,209,209,209,209,209,209,209,209,209,209,209,209,209,209,209,209,209,209,209,209,209,209,209,209,209,209,209,209,209,209,209,209,209,209,209,209,209,209,209,209,209,209,209,209,209,209,209,209,209,209,209,209,209,209,209,209,209,209,209,209,209,209,209,209,209,209,209,209,209,209,352,209,209,209
209,209,209,209,209,209,209,209,209,209,209,209,352,209,209,209,209,209,209,209,209,209,209,209,209,209,209,209,209,209,209,209,209,209,209,209,209,209,209,209,209,209,209,209,209,209,209,209,209,209,209,209,209,209,209,209,209,209,209,209,209,209,209,209,209,209,209,209,209,209,209,209,209,209,209,209,209,209,209,209,209,209,209,209,209,209,352,209,209,209
209,209,209,209,209,209,209,209,209,209,209,209,352,209,209,209,209,209,209,209,209,209,209,209,209,209,209,209,209,209,209,209,209,209,209,209,209,209,209,209,209,209,209,209,209,209,209,209,209,209,209,209,209,209,209,209,209,209,209,209,209,209,209,209,209,209,209,209,209,209,209,209,209,209,209,209,209,209,209,209,209,209,209,209,209,209,352,209,209,209
209,209,209,209,209,209,209,209,209,209,209,209,352,209,209,209,209,209,209,209,209,209,209,209,209,209,209,209,209,209,209,209,209,209,209,209,209,209,209,209,209,209,209,209,209,209,209,209,209,209,209,209,209,209,209,209,209,209,209,209,209,209,209,209,209,209,209,209,209,209,209,209,209,209,209,209,209,209,209,209,209,209,209,209,209,209,352,209,209,209
209,209,209,209,209,209,209,209,209,209,209,209,352,209,209,209,209,209,209,209,209,209,209,209,209,209,209,209,209,209,209,209,209,209,209,209,209,209,209,209,209,209,209,209,209,209,209,209,209,209,209,209,209,209,209,209,209,209,209,209,209,209,209,209,209,209,209,209,209,209,209,209,209,209,209,209,209,209,209,209,209,209,209,209,209,209,352,209,209,209
209,209,209,209,209,209,209,209,209,209,209,209,352,209,209,209,209,209,209,209,209,209,209,209,209,209,209,209,209,209,209,209,209,209,209,209,209,209,209,209,209,209,209,209,209,209,209,209,209,209,209,209,209,209,209,209,209,209,209,209,209,209,209,209,209,209,209,209,209,209,209,209,209,209,209,209,209,209,209,209,209,209,209,209,209,209,352,209,209,209
209,209,209,209,209,209,209,209,209,209,209,209,352,209,209,209,209,209,209,209,209,209,209,209,209,209,209,209,209,209,209,209,209,209,209,209,209,209,209,209,209,209,209,209,209,209,209,209,209,209,209,209,209,209,209,209,209,209,209,209,209,209,209,209,209,209,209,209,209,209,209,209,209,209,209,209,209,209,209,209,209,209,209,209,209,209,352,209,209,209
209,209,209,209,209,209,209,209,209,209,209,209,352,209,209,209,209,209,209,209,209,209,209,209,209,209,209,209,209,209,209,209,209,209,209,209,209,209,209,209,209,209,209,209,209,209,209,209,209,209,209,209,209,209,209,209,209,209,209,209,209,209,209,209,209,209,209,209,209,209,209,209,209,209,209,209,209,209,209,209,209,209,209,209,209,209,352,209,209,209
209,209,209,209,209,209,209,209,209,209,209,209,352,209,209,209,209,209,209,209,209,209,209,209,209,209,209,209,209,209,209,209,209,209,209,209,209,209,209,209,209,209,209,209,209,209,209,209,209,209,209,209,209,209,209,209,209,209,209,209,209,209,209,209,209,209,209,209,209,209,209,209,209,209,209,209,209,209,209,209,209,209,209,209,209,209,352,209,209,209
209,209,209,209,209,209,209,209,209,209,209,209,352,209,209,209,209,209,209,209,209,209,209,209,209,209,209,209,209,209,209,209,209,209,209,209,209,209,209,209,209,209,209,209,209,209,209,209,209,209,209,209,209,209,209,209,209,209,209,209,209,209,209,209,209,209,209,209,209,209,209,209,209,209,209,209,209,209,209,209,209,209,209,209,209,209,352,209,209,209
209,209,209,209,209,209,209,209,209,209,209,209,352,209,209,209,209,209,209,209,209,209,209,209,209,209,209,209,209,209,209,209,209,209,209,209,209,209,209,209,209,209,209,209,209,209,209,209,209,209,209,209,209,209,209,209,209,209,209,209,209,209,209,209,209,209,209,209,209,209,209,209,209,209,209,209,209,209,209,209,209,209,209,209,209,209,352,209,209,209
209,209,209,209,209,209,209,209,209,209,209,209,352,209,209,209,209,209,209,209,209,209,209,209,209,209,209,209,209,209,209,209,209,209,209,209,209,209,209,209,209,209,209,209,209,209,209,209,209,209,209,209,209,209,209,209,209,209,209,209,209,209,209,209,209,209,209,209,209,209,209,209,209,209,209,209,209,209,209,209,209,209,209,209,209,209,352,209,209,209
209,209,209,209,209,209,209,209,209,209,209,209,352,209,209,209,209,209,209,209,209,209,209,209,209,209,209,209,209,209,209,209,209,209,209,209,209,209,209,209,209,209,209,209,209,209,209,209,209,209,209,209,209,209,209,209,209,209,209,209,209,209,209,209,209,209,209,209,209,209,209,209,209,209,209,209,209,209,209,209,209,209,209,209,209,209,352,209,209,209
209,209,209,209,209,209,209,209,209,209,209,209,352,209,209,209,209,209,209,209,209,209,209,209,209,209,209,209,209,209,209,209,209,209,209,209,209,209,209,209,209,209,209,209,209,209,209,209,209,209,209,209,209,209,209,209,209,209,209,209,209,209,209,209,209,209,209,209,209,209,209,209,209,209,209,209,209,209,209,209,209,209,209,209,209,209,352,209,209,209
209,209,209,209,209,209,209,209,209,209,209,209,352,209,209,209,209,209,209,209,209,209,209,209,209,209,209,209,209,209,209,209,209,209,209,209,209,209,209,209,209,209,209,209,209,209,209,209,209,209,209,209,209,209,209,209,209,209,209,209,209,209,209,209,209,209,209,209,209,209,209,209,209,209,209,209,209,209,209,209,209,209,209,209,209,209,352,209,209,209
209,209,209,209,209,209,209,209,209,209,209,209,352,209,209,209,209,209,209,209,209,209,209,209,209,209,209,209,209,209,209,209,209,209,209,209,209,209,209,209,209,209,209,209,209,209,209,209,209,209,209,209,209,209,209,209,209,209,209,209,209,209,209,209,209,209,209,209,209,209,209,209,209,209,209,209,209,209,209,209,209,209,209,209,209,209,352,209,209,209
209,209,209,209,209,209,209,209,209,209,209,209,352,209,209,209,209,209,209,209,209,209,209,209,209,209,209,209,209,209,209,209,209,209,209,209,209,209,209,209,209,209,209,209,209,209,209,209,209,209,209,209,209,209,209,209,209,209,209,209,209,209,209,209,209,209,209,209,209,209,209,209,209,209,209,209,209,209,209,209,209,209,209,209,209,209,352,209,209,209
209,209,209,209,209,209,209,209,209,209,209,209,352,209,209,209,209,209,209,209,209,209,209,209,209,209,209,209,209,209,209,209,209,209,209,209,209,209,209,209,209,209,209,209,209,209,209,209,209,209,209,209,209,209,209,209,209,209,209,209,209,209,209,209,209,209,209,209,209,209,209,209,209,209,209,209,209,209,209,209,209,209,209,209,209,209,352,209,209,209
209,209,209,209,209,209,209,209,209,209,209,209,352,209,209,209,209,209,209,209,209,209,209,209,209,209,209,209,209,209,209,209,209,209,209,209,209,209,209,209,209,209,209,209,209,209,209,209,209,209,209,209,209,209,209,209,209,209,209,209,209,209,209,209,209,209,209,209,209,209,209,209,209,209,209,209,209,209,209,209,209,209,209,209,209,209,352,209,209,209
209,209,209,209,209,209,209,209,209,209,209,209,352,209,209,209,209,209,209,209,209,209,209,209,209,209,209,209,209,209,209,209,209,209,209,209,209,209,209,209,209,209,209,209,209,209,209,209,209,209,209,209,209,209,209,209,209,209,209,209,209,209,209,209,209,209,209,209,209,209,209,209,209,209,209,209,209,209,209,209,209,209,209,209,209,209,352,209,209,209
209,209,209,209,209,209,209,209,209,209,209,209,352,209,209,209,209,209,209,209,209,209,209,209,209,209,209,209,209,209,209,209,209,209,209,209,209,209,209,209,209,209,209,209,209,209,209,209,209,209,209,209,209,209,209,209,209,209,209,209,209,209,209,209,209,209,209,209,209,209,209,209,209,209,209,209,209,209,209,209,209,209,209,209,209,209,352,209,209,209
209,209,209,209,209,209,209,209,209,209,209,209,352,209,209,209,209,209,209,209,209,209,209,209,209,209,209,209,209,209,209,209,209,209,209,209,209,209,209,209,209,209,209,209,209,209,209,209,209,209,209,209,209,209,209,209,209,209,209,209,209,209,209,209,209,209,209,209,209,209,209,209,209,209,209,209,209,209,209,209,209,209,209,209,209,209,352,209,209,209
209,209,209,209,209,209,209,209,209,209,209,209,352,209,209,209,209,209,209,209,209,209,209,209,209,209,209,209,209,209,209,209,209,209,209,209,209,209,209,209,209,209,209,209,209,209,209,209,209,209,209,209,209,209,209,209,209,209,209,209,209,209,209,209,209,209,209,209,209,209,209,209,209,209,209,209,209,209,209,209,209,209,209,209,209,209,352,209,209,209
209,209,209,209,209,209,209,209,209,209,209,209,352,209,209,209,209,209,209,209,209,209,209,209,209,209,209,209,209,209,209,209,209,209,209,209,209,209,209,209,209,209,209,209,209,209,209,209,209,209,209,209,209,209,209,209,209,209,209,209,209,209,209,209,209,209,209,209,209,209,209,209,209,209,209,209,209,209,209,209,209,209,209,209,209,209,352,209,209,209
209,209,209,209,209,209,209,209,209,209,209,209,352,209,209,209,209,209,209,209,209,209,209,209,209,209,209,209,209,209,209,209,209,209,209,209,209,209,209,209,209,209,209,209,209,209,209,209,209,209,209,209,209,209,209,209,209,209,209,209,209,209,209,209,209,209,209,209,209,209,209,209,209,209,209,209,209,209,209,209,209,209,209,209,209,209,352,209,209,209
209,209,209,209,209,209,209,209,209,209,209,209,352,209,209,209,209,209,209,209,209,209,209,209,209,209,209,209,209,209,209,209,209,209,209,209,209,209,209,209,209,209,209,209,209,209,209,209,209,209,209,209,209,209,209,209,209,209,209,209,209,209,209,209,209,209,209,209,209,209,209,209,209,209,209,209,209,209,209,209,209,209,209,209,209,209,352,209,209,209
209,209,209,209,209,209,209,209,209,209,209,209,352,209,209,209,209,209,209,209,209,209,209,209,209,209,209,209,209,209,209,209,209,209,209,209,209,209,209,209,209,209,209,209,209,209,209,209,209,209,209,209,209,209,209,209,209,209,209,209,209,209,209,209,209,209,209,209,209,209,209,209,209,209,209,209,209,209,209,209,209,209,209,209,209,209,352,209,209,209
